321321
121212
212121
101010
010101
050505
505050
111111
222222
333333
666666
555555
444444
777777
888888
999999
123456z
123456x
123456c
123456v
123456b
123456n
123456m
123456a
123456s
123456d
123456f
123456g
123456h
123456j
123456k
123456l
123456q
123456w
123456e
123456r
123456t
123456y
123456u
123456i
123456o
123456p
123123
12345z
12345x
12345c
12345v
12345b
12345n
12345m
12345a
12345s
12345d
12345f
12345g
12345h
12345j
12345k
12345l
12345q
12345w
12345e
12345r
12345t
12345y
12345u
12345i
12345o
12345p
zxcvbn
asdfgh
qwerty
zxc123
asd123
qwe123
zxcvbnm
asdfghjkl
qwertyuiop
147258
456789
0123456789
012345
0123456
6543210
102030
101010
1020
10
1010
20
30
2020
3030
0123
01234
123123
321321
112233
332211
121212
212121
2121
prorat
pro
050
12345
abc123
password
passwd
123456
010101
01010101
10101010
101010
admin
1010101
10101010
101010
19701970
1970
19711971
1971
19721972
1972
19731973
1973
19741974
1974
19751975
1975
19761976
1976
19771977
1977
19781978
1978
19791979
1979
19801980
1980
19811981
1981
19821982
1982
19831983
1983
19841984
1984
19851985
1985
2000
2005
2001
2003
2002
2004
12345678910
1234567890
123456789
12345678
1234567
12345
1234
123
12
1
5110
1122
2211
0011
1100
123123
1212
2121
0101
1010
741852963
147258369
159357
357159
13579
2468
246810
1
11
111
1111
11111
111111
1111111
11111111
2
22
222
2222
22222
222222
2222222
22222222
3
33
333
3333
33333
333333
3333333
33333333
4
44
444
4444
44444
444444
4444444
444444444
5
55
555
5555
55555
555555
5555555
55555555
6
66
666
6666
66666
666666
6666666
66666666
7
77
777
7777
77777
777777
7777777
77777777
8
88
888
8888
88888
888888
8888888
88888888
9
99
999
9999
99999
999999
9999999
99999999
0
00
000
0000
00000
000000
0000000
00000000
102030
101010
1020
10
1010
20
30
2020
3030
0123
01234
123123
321321
112233
332211
121212
212121
21211022
10sne1
111111
121212
1225
123
123123
1234
12345
123456
1234567
12345678
123456789
1234qwer
123abc
123go
1313
131313
13579
14430
1701d
1928
1951
199220706
1a2b3c
1p2o3i
1q2w3e
1qw23e
1sanjose
2
20
2000
2001
2002
2003
2112
21122112
2222
246
249
2welcome
369
4444
4runner
5252
54321
5555
5683
6071992
654321
666666
6969
696969
7
7007
777
7777
80486
8675309
888888
90210
911
92072
99999999
<invalid>
<unknown>
@#$`^&
a
a&m
a&p
a's
a12345
a1b2c3
a1b2c3d4
aa
aaa
aaaaaa
aaas
aal
aalii
00
00-08-A
000
000
0000
00000
000000
0000000
00000000
000000009
000000011
00000040
0000007
0000019
000007
00001111
00001969
00007
0000qw
0001000
000111
000134
000153
0002006
000249
000571
000925
0009732
000ersin
001001
0010068163
001071
001100
001122
00119945
0012345
001239
00130013
001301
00132580
001453
00174800
0018754
001926
0019800840
00198800
001989
001991
001992
001995
002006
0020134537
0020602060
002200
002233
0025014
002731186
002758
002929
0034
003400
003487
00376370
003a9cd5
004063
004455q
0047204
00531531
0053695
00561100
0066789
007
007007
00720072
007d8sa7
0080
009
00931687
00950e
0096341
00967515
00alero
00bond
00bouer
00hasi00
01
0101
010101
01010202
01011970
01011985
01011988
0101239034
010136
0101991336
0101rojo
010201023
010203
010205
01021975
01022837
0103060120
01031975
01036392
010376
0103775433
010403
01041958
010467
0104685228
010474
010587
01061976
0106466557
010665
010689
010695
01070107
010703
010769
010871
010880
010990
0110020
01101985
01101987
01101992
0110203040
011189
01121988
01121989
01121992
01124
0113
01150115
011839rr
011910
011974
0119830
011e496q
0120
012098cs
0121938372
012300
01230123
0123151729
01233
012345
0123456
0123456789
0123706916
0123880877
0123898570
0125820722
0126646039
012680
0127570024
0128377913
0128687195
013013013
013090
0134083983
013443801
0134752145
013932
01430143
014523
01470147
01478520
01478546
01478963
014795
015604
0163333818
0166603281
016822
01693556
0171418
0172
017428
017710
0186c835
01911072
0192p1
0197184931
01985
0198605439
01ad01
01laarti
01mag19
01matthi
01umpf
0200963
02011511
02011986
020202
02020202
0202021020
02021985
02021987
020225002
020291
02031990
020405
02041984
020516619
02051989
020561
02061991
02061992
020688
020787
020802
02081990
02082002
020891
02101985
02101987
021077174
021086
021089
02109
02110211
02111983
02111984
02112004
021162
021175
021268
0212wall
021353
021500
02153460
021702
02180106
02180218
02190219
02203505
022362626
022390
022485
022520550
0227932
023
023519
024180
024287
024562hy
02460343
02468
0248
025113063
0251690732
025438
0258
02580258
025817511
02588520
02614261
026516977
026605
02661846
02673
0275035
02780278
0280280
028159e
02834401
02869618
029772623
02Gard
02d9ur
02s11623
02se4391
03011987
030182
03021966
030286
0303
03031974
030381125
03041980
030489
0304mb
03051964
03052002
030595
0306
03061974
03061986
030689
03077976
030793
030863
030877
0308swat
030986
031031031
03110792
03111987
03112394
031192
0312
031254
03167030
031789
03180831
0320757672
032274
032458
032878
03294e
033180
03400340
034666980
035037701
03510351
03618232
0362092
03690369
037222
038756
039587033
03@TAJ-
03e2d987
04000400
040286
040322
0403523137
0403620842
04038223
04041960
04071979
04071986
04071988
04081988
04082003
040881
040889
04091985
040rlf09
04105100
04112852
041237395
041264
041387
041706452
0420
042928
043019
043727179
04380438
04546399
0456
046936864
047047
047155
047568505
0477616904
04851023
048521
0491311951
049678
04F63f
0500457457
050192
0502188865
05021983
050240897
050293
05031959
05031967
05031986
05031988
0503724613
050391
050486
050488
0505
05051976
05051985
050575
0506059022
05061980
050682
050684
05071888
05071986
050740798
0507632800
0508144013
0508215135
05091981
05092004
050944868
050985
051000
05101984
05111982
05111987
051286
051304
05133
051425047
051576080
051589525
0515ham
0518222426
052260582
05226184
052301
0523364195
0523564677
05236985
052447
052465375
0524802830
0525658620
05278298
0528
052822005
0528986080
0535tr
05394466
0539521
054142559
054142692
0542823621
0545420022
054555738
0547643484
0547671625
054902355
055275015
05552623
05555
0555640770
055960561
056149725
056528840
05676229
05710622
05710632
057592363
058962694
059331
059345290
059348
05a04f69
05gtv6
05lanm
05t540c
06
06$044
06021987
06031978
06031987
06044879
060486
060512052
060696
06071987
060745
060791
0608
06081961
06081984
060879
06091980
060956
061019820
06112005
061160
0612
061282
06131106
061452jk
061692
061820
0618251745
06185190
061881974
0619030252
061979
062313460
0625520205
062688
063359725
0660094152
0661
0662526985
0667
0669623
06705117
06780678
068011
068138757
06890077
069351135
0695fab
0700182780
0701mo
070200
07021986
07021989
07041776
070491
070492
07051
0706
0706751807
070683
070687
07081999
070968
07121986
071822241
071980
071986
07213355
0723122227
0723360704
0724294843
0727453329
073192
073935216
0742427176
075690ng
0776425293
0777
0777888999
078030
07951200
0795282525
0795602872
0796090542
079704210
07KERST
07chars
07roma56
080013
0801020037
08012501
080167
080303
080487
0804mira
08051984
08052004
08061954
080759
0808
08081995
080865
080874
080884
08088874
080989
08101987
081089
081102
08112001
081297se
08150815
081888
082341
08281410
0830
08410841
084136
0850655
0852
08630863
086921
087226301
0872869195
08859
0886832751
0887949570
0888075067
089807725
089843681
08991220
089cpa2
08d09j90
090031874
09016731
090183
090210
09021986
090271
0902791213
090294
0905
090556k
090558md
09072005
090909
09091985
091086
09111968
09121977
0912665628
091289
091555pp
091988
092103
092165
092191
092727
0933318636
0939707421
094025
09410122
0953294511
095766901
0958906865
0973564
0981745087
098488477
098501632
09853276
0987
09876
0987654
098884319
09918042
09erbl02
09juin02
09lollol
09po87iu
09sept
0FCOLQ5
0MgSuX
0N
0NT1ME!
0W#0ICX
0b1c23d8
0bliv22
0bserver
0c81db35
0chaplin
0f306699
0fb93vfq
0iwi0xqx
0jxmm0h0
0k3f0d4
0klah0ma
0kr1Pt
0leu0
0liceum0
0llitam0
0marsz0
0net1me
0nl1ne1
0nl1nech
0nl1nepl
0nly4ish
0okm9ijn
0p3nup
0r1onss
0rka
0sw3lz
0t51k3
0wb0wju
0wn3d
0wn4g3
1
1000
10001000
100096
1001110110
10011981
10012401
10021974
10021993
10031975
10031990
100363
1004
100462
100488
100544
10056
100585
10062000
1006640
100779
10078910
1009
100973
100981
100d5f
100forum
100jeux2
1010
101001
1010011936
101010
10101010
1010101010
101011k
10101982
10102003
101096
101098
1010tbt
10117
101170
10119
101191
101202
10120833
1012253
101288
1012quin
101304197
10131936
10132027
101391
10144010
1015
10150529
10155112
1016139
10178000
10181018
101970
101abn
1020
102000
102001050
102030
10203040
1020304050
102076
1021835608
10218362
1021983
102505
10251998
1025mv
10271951
10291963
102938
103059
1031989
1034apd
10359439
1038622
104040
1041wbcn
10421143
10460010
104811
1050633008
10513047
105199
10533224
105tec64
1061001331
1071981
1071990
107309646
1075hest
107777
1078206
1079
108
108100
108479
108546174
1086420
108852
1089931226
10901
10901090
10972923
109bs9
10RAM3
10a11c
10as62me
10danson
10goof10
10u640r
1100101
1100101a
110011
11007755
11010157
110110
110185
1101983
11021978
11021985
11021988
110268
110284
1103003
11030727
11031975
11031983
11031984
11038516
1104
11041986
11051992
1105855
110587dl
110661
1107cj
11081108
110862
11092001
110981
110987
111
11101971
11101977
11101988
111088
1111
111103
11111
111111
11111111
111112
111119790
11112005
11112222
111187
111189
1111985
111212z
111222
111222333
111256
111266
111275
111282
111285
11131994
11150
11164298
11183406
11185518
1119050067
112074252
1121
11211
11211121
112112
112188
112189
1122
112200
112211
11221122
112233
11223311
1122331111
112233123
11223344
112234
11231123
11231954
11232951
11234566
11235
11261983
11262408
11272200
112728
112789
112834142
11288
11291986
113135
113141225
1131871344
11318918
113262
11328590
113311
11332244
1133409
1133446677
113355qq
113625106
1137587142
113811
113871380
11401
1141985
1143
1144
11440
114477
11451145
1147254134
1148966252
1149450724
1151425695
1151654104
1153661492
1154302182
115599
1156021690
1156147413
1156195616
11580005
1159
115929511
115980525
116001
11611x
11613354
116627
116650
1167204
116779
116911
117097
117117
11717739
117200
117292036
11742549
117449658
1178rap
11794591
1180
11811181
118994690
11907851
1191
119119
11914220
1193210
11971197
11971982
11abus
11av3
11b256
11buster
11diego
11e6lo
11f45
11july82
11laurie
11nina11
11ril03
11tat22
11y1u1
12
1200
1200551
12011
12011982
120120120
12014789
12021202
120232433
120292
1202kl80
120578
12061981
12061985
12065601
120681
120683
120702
12071981
120730
120787
120887
120889
12091209
12091962
12091978
12097211
120974
120mmgtt
12101210
12105384
121078
12111988
121182
121183
121190
1212
12121007
121212
12121212
121212qw
121213
12121980
121234
12123434
1212555
121256
1213141521
12136966
1214az91
12150201
12159304
1216
1217616902
1217629
12186700
121902
12191219
121954
121987
122100
122110
12213
1221rx79
122333
122415
1224tnt
122505
122581
122622
122799
12281990
1229831
123
12300
123000
12301230
12301234
12304560
1231
12310583
123123
1231230
12312312
123123123
123123124
1231234
123123456
123123a
123132
123188
12321
123212
12325465
123270454
123321
123333
1234
1234
1234!
12340000
12340567
123412312
12341234
12343
12344
123444
1234445
123444d
1234456
12345
12345
12345
123451
123452005
123454321
1234552
123456
12345600
12345631
1234566
123456654
12345666
1234567
12345670
12345677
12345678
123456788
123456789
1234567890
1234567899
1234567a
1234568
123456852
123456987
123456999
123456a
123456aq
123456b
123456go
123456ms
123456ss
123456x
123456zx
123457
12345828
12345888
1234589
12345a
12345z
12346
123465
123465789
12346579
12346650
1234eizo
1234hide
1234sns
1234yupi
1234zxcv
1235
12351984
12354
123555
123567
1235896
123654
12365474
123654789
1236987
12369874
123698741
123789
123789456
123987
123PROF
123a123
123abc
123abcd
123admin
123asd
123bacon
123bin
123bonus
123cbe
123cbgs
123cew
123dvp
123enver
123ewq
123fyd
123gunn
123hack1
123hnk
123kn91
123kp
123larry
123moms
123mudar
123polo
123qaz
123qwe
123ssom
123taha
123tfc
123ufuky
123ugl
12415584
124438
124512
12451988
12454
124563
124580
124689
124777
124892
124skip
125170
1251nnn
1252312523
12531253
12535686
1254
12552274
1256
12561256
125689
12574380
1260
126126126
1261niki
12635455
1266126612
12664392
12671267
126716541
127012
127241975
1276uf31
1277
12782507
12783ace
128
12805a
1280dani
1283456
12843555
12852790
1289018704
128x
129
1291990
1291991
12930
12933077
12941294
12968
1297
12979111
12Emus
12aa33
12ab34
12acht62
12beta34
12cd24z
12dia34
12kani12
12ktmr24
12loko12
12lung88
12m01a
12mike
12nnone
12piec
12qwaszx
12qwmn00
12reufh
12roei34
12sobak
12we34
12willow
12xxbb1
12xxbba
13
130201
13021988
1302713566
130311
1303417
13035969
13048700
130513
13055031
130588
13061981
130678
130687
13071253
13071988
130768
130892
1309
130900
13092001
131000
13101979
13106469
1311
13110079
1312147442
13121986
131290
1313
1313132
131378
13141314
13157925
131907
131geo
1320
1320472052
13208096
132132
1321977
132213
13241324
132435
13243546
132435kl
13245
132465798
1326f
133012
133331
13336880
1337
134413
1345352
134652
134679258
1350895
1351977
13524678
13539242
13548abc
13548bac
135789
13579
135790
1357902468
135791991
135796
1357997531
13579abc
13611361
136479
136642
1367756640
1367io
1368142515
137100566
1375137520
1379
13791379
1379lol
137ashe
137mbx
1381
13836027
138366
13841056
1385695781
138914
1390bz
13921392
13951489
1396
1397
139713
139726845
13E9C75
13banner
13brew
13ch13
13e1985
13el1207
13er01
13felt14
13nn0n
13tut13
13xm0nke
14
1400glpp
140164
14021402
14021986
14022004
14031422
14031959
14031994
1403535
140388
14038903
140392
14041987
14047860
140482
140489
14051978
140589
14061958
14061986
140681
14071985
140770
140784
14081982
14081991
140879
140902
14100
14101981
14101988
141065
141078
141086
141186
141189
141191
14121973
14121987
14121988
1412zz76
141414
14141414
141433
141500
141516
1415878
141603
141741
1418031712
14183945
141btu
142
142021
142536
142536987
1427169
142898mp
1429600123
1431
1433
14375612
143953
143adc
143beer
1441262626
1441av
144233fa
144255366
1443
1443237
1444488
1445
144541
14496976
145175761
14521452
145236
145297
14531299
14531453
14532905
145365
145541
1456
14569
14589
145989
145admin
1461
1463252623
1467bulo
147
147147
147258
147258369
147369
14744924
1475369
147596321
147600
147682
14773
147741
147852
147852369
14788
1478951
1478963
14789632
147896321
147896325
147963222
1488
148812
148823
1488v
1489488
1491976
149hinde
14h8vg
14jb18
14sd8y
15
1500
15001500
15011981
15011984
150177
150182
15021983
150277
15032001
15041980
150488
150499
1505
150500
1505972000
15061961
150626223
15068619
150691c
150692
1506ju
15071991
150784
15081984
150859
150887
150889
15091978
150935229
15096711
150bca
150omni
151008
15101982
151085
1511
1512
15121981
15121998
1515011988
151515xx
15182547
151918
152047002
1520omit
152119799
152152
15221460
15225642
15253545
15262715
15264215
152822
152925
153255
153624
1537
153759
15411541
1542356
15441544
15443144
154769290
154835881
155117
155223
1558140202
1560398180
156154
156324852
1563252
1568ss
1571
1573433
15741574
15763349
1578
157987
1590er
159159
159159159
15926321
159357
1593578246
159372513
1595614710
15961596
159632
1596321
159753
159753456
159753hg
1597831
159852ab
159874
1598742360
1598753
159951
15lap200
15lu1573
15lx95
15ubbo84
15vamp16
15webogu
15z9dz
160184kp
16021971
16031985
16041489
160468
160476
160570
16061984
16061987
160686
160696
160783
160789
1607sk78
161100
161111985
16111982
161184
16121987
16124023
161282
1614
161616
16215857
162521
16252555
1629bk
1632131025
1636
163618060
164389
1646
16486xyz
164895122
165165
16581658
165953147
166363
1664
16729438
16765078
1677
16821682
16841684
16887
169174
1695392022
1695824
16d1983
16graver
16idr0x
16madara
16vjetta
17
1701
17011701
170147
170177
17021987
170260
170276
1702kr
170379
17039
170391
170483
1704830
170605mp
170766007
17081973
17091972
17098917
171010
17101992
171086
17110309
17110600
17111981
1711la
17121974
17121984
17121990
171290
17173445
17181613
171917
171ran
172000
17201991
17262741
1726354
17293
173173
174175
174285396
17429
17449
174610
174b6b52
175174
17533370
1763210
177177
177804676
17788
1781002b
1792
1793
179317931
1797190
1797993189
179992
17ab5e
17y8y26
17ydoc
18
1801
18010484
180155
180170lz
18021991
180255
180278
18030901
18031977
1803197778
18031998
180388
1804
180503
18052560
180591
180618
18061983
18061991
180687
18070871
18071807
18074565
180773
180786
18081992
18081995
180865
18091991
18101979
181185
181191
18121982
181269
181286
181366
18153
1816594
181818
181819
181881
18222516
182493710
182500
182aja21
1830861
1831644868
1832389
183512025
183756140
183945435
18433714
18441844
1845
18450
184998413
1854afx
1854tink
18597660
1861993
186417
18751875
187817696
1886
188818
18921892
18954
189978004
18april
18burck
18nxnb
18thfc82
19
19001844
19011987
190180
190201
19021951
19031903
19032005
1903428
1903731105
190387
1903888
19041977
19041989
190483
1905
190500
19051905
19051985
19051987
1905910
190678
190702
190704
1907123
190715
19071907
19071982
19071986
19071989
190792
19081989
190847
19086r
19091992
19092005
191
19101990
19102565
191090
191103
19111962
1911992
1912
19121965
1914
191413
191817
19187
19201920
19216821
192300
19231924
192367
1925
19251218
19251925
19276343
19283746
192837465
1930083
1933211062
193346310
19361945
19366
19381938
19382738
193940
193qA
193xxx
1940
194400318
1945d
1948861262
194a6af
19511980
195320
19532598
19540204
19547208
19551960
19551992
19553348
195640212
195710
19571808
1957364280
1958157
19581980
1961
19612004
1963
19631964
19635700
19641970
196570
1966
1967
19671988
196762
19690707
196zc80
19700414
197100
1972
19721008
19721972
19721992
1973
19730211
19731973
197328
197346285
19734682
19735
197373
197382465
197391
19740327
19740405
19741966
19744
1974444
1974803013
19750619
19751804
19752
197561
19759278
1975oa
1976
19760122
19760317
19761204
19761976
19762000
19771973
19771977
1978-19
19781012
197846
197864
197879
19790921
19790928
197979
1980
198012
198101
19810512
19810609
19812005
198144
198147ek
1982
19821919
19821981
19821982
1982sdfx
19830101
19831982
19831983
1983mk
1984
19840127
19840613
1984128
19841363
19841984
19841987
19841988
19842005
19844
1984723
1984cem
1984gogi
1984utem
198500
19851112
198519
19851962
19851985
19855
1986
19861092
19861215
19861986
19862001
198656
1986usaf
1987
19870822
198711
19871955
19871987
1987198712
198725123
1988
1988003351
19880317
19880406
19881002
19881018
19881961
19881988
19887290
198888
1988kyle
19890212
19890504
19890520
19891178
19891206
19891989
19892005
19892302
198933fr
19893407
198953
198990
198998
198998ib
198rio
19900421
19900522
19901010
19901905
19901991
1991
199113
19911991
1991613405
1992
199272
199300
19930805
19930815
19931116
19933991
1993alg
19941960
19941994
19941999
1995
19951995
1996ford
19971997
1998bird
199999
19geo48
19neon19
19spatie
19tina95
1CAMPA1
1H4T3H4
1JACKAS
1a2b3c4d
1a2b3c9z
1a2b3cc
1a2e3o4n
1a2s3d
1a3st3
1a7h9wa9
1a9l8e7x
1a9m9d2
1ac6rbke
1ah5P
1am0rz
1antonis
1b0728
1b4d52
1bamboo1
1bamboom
1batman1
1beach11
1bigpeni
1bone152
1c2a3n
1c80e3
1caflm
1cd2ab3
1ceman
1cg6az53
1constance
1cor13
1d4ba78
1davkal2
1diot1
1e540d
1erikama
1fastz
1g4m8m7g
1genius1
1h7bh9md
1hannah2
1hello
1hoppies
1htsuser
1hwestuj
1i698xx
1idna1
1iklmr23
1info2
1isginc1
1j2j4l45
1ji8bwca
1jok4w8
1kOx1
1kartal1
1kenad
1l1i1n1
1l3e3e7t
1lovekt
1m4fa83
1maman
1mwgryor
1n1kin
1nation
1nite
1o9n8u9r
1opaopa1
1p2a3u4l
1p2ambdp
1panos
1pdMPP
1peekaboo
1php1
1q1111
1q2w3e
1q2w3e4r
1q2w3e78
1q2w3ewq
1q7ak7w
1qayxsw2
1qaz2wsx
1qazxsw2
1qp4zk
1qwer2t
1rl0dh2
1sen1ben
1sland93
1smyzth6
1sponge1
1stmanon
1superman
1sysop2
1t0xel1
1tg2sj
1thistle
1tre1231
1tron2
1tvad
1uwgwbry
1winnie
1wu4you2
1y2x3c4v
1y6f2l5y
1yojimbo
1z793
1zbXso
1zkn9
2
2*0(Q(=
2000
2000
20000127
20000724
2001
20011986
2001am
20020523
20020994
20021982
20021999
20022003
20024910
2002580
200303925
200308
20031152
20032003
200406
20042005
2004624535
200471
20050102
20050989
20051103
20051986
20052006
20053
200533
20058891
2006
20061989
2006474
200661
200676m
200683
200691
2006hpjm
2006rm
20082002
20087500
200883
200899
20092009
200983
200983sg
200tao4e
2010020
2010199023
20111978
201183
201184
201196
20121974
2012636963
201284
201291
2019
2019213628
201969
201sun
202020
2020qtj
20212021
202220
2022565
2027
20282002
202933
2031980q
20320897
20363039
203983754
20427285
204692fa
204724
20482048
2051985
2052680
2055
2068998592
2069
20693451
2070cc
2075598
207812
2083070
20847857
2097407
209f4sj4
20TEST2
20csk06
20fevr
20get0up
20letras
20maj20
20mas06
20pace01
20pkz2fv
20rdf438
20skater
20wr80
21
210000
21002069
2101121
2101611
21019011
21021986
21031968
21031990
210323
210340
210383
210388
21041958
21041986
2105
210592
21061984
210642
210679
210701
210762
21079
210790
21082108
210891
210895
21092109
211069
21108814
211093
211184
211210
211281
21128507
211287
211317
2119066
2120022
2121
212121
21212121
212121xx
21218866
2121985
212224
2123
21238385
2124112804
2124822
2125195
2127202
2131363
2132876
213321
21337
213400
213452
2134522200
213513
2138796
213986
21411h
2143923
214414
2146040
21469375
214702251
21473610
2147591
2150
2156818
2157842842
215915215
2160986
2160994
21611357
2161226509
2164810
2165135
216580
21695271
217568
217639121
2179509130
218505
218992
2190159
219234
21996433
21dal21
21ivta04
21lcry
21rewq
21xalo21
220022
22009
22021977
22021987
220271
22031988
22031989
220373
22041964
22041966
22041970
22051981
220587
220588
22061985
22061990
220633
2206331984
220688
2207
22072002
220789
220873
220897
220988
2210290
221070
221090
2211176
221122
221170
221190
221191
2211es
2212
22121988
221286
2212BAL
22132660
22133354
221608
2216600
22166973
2222
22222
222222
222226
2222624
2222888
222950
222wm4
2230679
223126196
2231823
2233344444
22334455
22338503
2234040
2234056
223497
2236
22365311
223890
22412241
2241639
2242jk
224469
22448816
225120
22521234
22521395
22521766
225225225
22528
2252BR
22534
22542095
22558888
2256743
225864
22590
225900
2261
22616418
2262310
226248
2264205
22653
2266417
2272289
22730755
2274647
2277898
227labl
2280954
2281
228571970
22862286
22961870
22ayanah
22deceit
22maj88
22nous12
22rifle
23
230023
23011972
23021977
230298
2303
23031979
230348
230367
23041986
230487
230533157
230682
230684
2306878769
230692
2307
230707
2307198s
230784
230787
230790
23082005
230883
2309acbe
2310
23101986
23101987
2310231010
2310nud
2311
231103
23111988
23111991
231123
231213
23121989
2313374u
231372612
23143140
231659
2316607
231834
231988
231mib
2320545
232100
23222420
232232
2323
232323
232425
2325357
2325664
23272321
23275240
23299000
232gf54
23302222
2331
23340821
23354615
2335789
23361415
23362336
2340063
234111
234202t
234234
234243
2345
234567
234998321
234dvp
2351456
2352241
235486
2354860849
23567531
23571113
23589
236173035
236342
2363682
2365833m
236699
236776
2369134
23812381
2383277
238552320
2388042
239
239200
23931251
2393223
2394620
23dfmdf
23hamed
23in11eu
23jesus
23lk67nh
23s21s4
2401470731
24021984
240283
24031981
24032005
240392
24041969
24061980
24061983
240685
240693
2407
240784
2407891516
24081990
2409
24091987
240962
24101983
24111985
241179
241184
2412
241205
24129188
241292
241581
2415sq69
241650
241653
241653789
241999
24210179
2421418
24242424
242426
24273
24279838
2429
24298GM
2430674
2430677
24313033
2431dd
2431ll
24341032
24349342
243691
2439
24442244
244422448
2446896
2448
24482448
24494093
2450393
245120
2456468416
2462ml
246651
246789
246800
24681012
246813
246813579
24688642
246josh
24733600
24742474
2474774
248505
2486
248631795
2486warr
249125
2491988
24a0978b
24aeceia
24f4f9
24xmax
24yam24h
2500380317
25011979
25012501
250189
2502005
250252
250253
250262
25031270
25032006
250376
250398
250484
250510
250512
250569
250590
2506
250658
250670
250692
250703
25071991
25074903
250795
250797
250870
250884
250886
25091980
250952
251001
25101970
25101985
251079
25109898
2511131
25114119
251189tk
2511983
251252
251288
251308466
25144152
251485
25174455
251825
252003
2521722
2524abcd
2525
2525232
2525236
252525
2528
25295
2533bc
253525
2536
25402540
254252
254254
25442236
2546
25462546
2547
2547a
255060
255324
255755
25586655
2561986
256475
25698
2569eart
2571fde0
25742a98
25775212
2579
258000
2580768l
258105
258123
2581988
258258
25842584
258426
258654
258963
259257965
25944
2596637
2598897
25992099
25arcade
25arne80
26011959
26021995
260285
26031203
260388
260392
260458
26046969
26051651
26051966
260585
260682
260691
26071984
26072002
26081961
26081966
26088576
260886e
26090309
26091983
26092005
26101991
26102003
26121522
26125175
2614026140
261543992
261987
26206606
262580
2625RV
26272829
2628891
2632108
263230
26330077
26342634
263525
263991909
263g4b
264
2641274
2644
264435
26457567
264666161
2647beq
2651317b
2651993
26527262
26551987
2658408
26587
2659
2662285
2665jb
26665mhz
26700648
26721594
26753020
26784290
267f15a2
2683zolw
2684791350
26873194
268791
2688
268843
269269
2697750
2698800387
269911
269iaick
26H1w
26a6f8
27021981
27021988
27022004
27022702
2702flo
27031988
27031990
270380
270391ab
27041973
27041982
270437
27051989
270590
27061984
270684
27071980
2707690
270878
270884
27091986
27101972
271191
271215t
271286
27145045
27202720
2723brad
2728
27305683
2730gyp
27312405
2731986
273669584
2736951285
27392739
274800
2749827
2754627546
27650013
27671540
2768937
27698633
27751616
2778394
27897507
27903364
279345360
27972797
27980592
27atiram
27ce0570
27prom99
27ta858
280100
280102
28011989
280181
280186
28021976
28021993
280280
280288
28031988
280387
280389
28041990
280582
280586
2806
28061986
28061988
28064212
280682
28071976
280750
28078
280789
280900
28091988
280961
28101962
28101982
281072
28111981
281204211
28121970
28121988
2837688
28377578
284106492
284655
2851357
2854520
28547914
286525000
287345
287ez
287ezdzt
28825269
2885105
2886363f
288682457
28870499
289745520
289binet
289tron
28k12f66
28maggio
28xc6r8
2901
290104
29011982
29031983
29041989
29041993
29042218
290489
29051453
290514536
290604
290684
290687
29071976
29071989
29081984
290886
29088600
29091962
29091988
290966
2909us01
29101984
291087
291088
29111989
29115429
291164
291181
291187
2912
291286
291293
2917410150
291921
29257
29295786
29352935
29403015
2943953
29479950
2949369
295229
295910508
295liu
29644383
2971
2973449
29737332
2975597
298051
298104036
2984371
2989796
299792458
299891
29kc59
29mi10
29pookie
29seich
2GZPEMU
2Hch4
2Kool
2M&7DAC
2a218f05
2a768e
2a77Xg
2aktv4d
2alice8
2aopopop
2aqtdoho
2ava3en
2awdx3
2b0t0t
2b34de6g
2bac1986
2bad2bad
2birube
2bleval
2brn2b
2cdbe82c
2crddraw
2cvdolly
2d9a74
2dxg4m2c
2e75a3ea
2easy4u
2fast4u
2gl6kdoq
2guildji
2h5sqrks
2hel13
2hxeza
2idedap3
2igijlal
2ioijiui
2jriojdi
2ju2608
2jznsvfi
2kfa9fx
2koeien
2kolec
2ktb5ms8
2lftf33t
2ligzext
2llijroi
2lpc9ppu
2mj6po
2nf304gm
2o2o9868
2ooiruui
2oscar2
2ourdadd
2p6iyv3y
2q01yi6t
2q2q2q
2qmj1cjz
2rg79x8
2rgigaal
2se3tile
2secure
2skol123
2stargate
2sweet
2toby
2tsworgc
2tvgr2
2uoiijui
2uxospaq
2v9bfe
2wsx9ijn
2wsxdr5
2x3com18
2xoya5
2ypxv9jx
2yvael3h
2zigi56y
3
3
3001826251
300194
300208sg
300300
30038201
300382018
300478
30057899
300589
300592
300602
30061991
300838
300882
3009737
300plus
301004
3010121
301084
301801096
3018889
3020344
3021277
30221542
302318a
3028577
302946371
302984539
302caren
30328926
3036
3041988
30422
30465
3050joe
305455206
305d0a
306090120
3069349
30727539
307605
3077sd5e
3086
308963669
30963696
309710
30c5e4
30cemal8
30mei98
30sd585
3100
31011966
3101989
31031986
3105
3106789456
31073107
310787
310788
3108
31081988
31100511
3111988
31121968
31123456
311261
3112820
311290
311291462
3113326
3113711
3113718
311407kb
31154501
311967
31200
3121
3121988
312211
3122156
312326
31233123
3123464
312388420
31243124
313103
313131
3131341
31315050
31316262
313220
3132737
31337
3133fde5
313512
313737
3141592
31415926
3141592654
3142916291
3150633
3151992
3152
3159887
31600165
316293
3164
316919927
317366656
31772abc
3180154
3186
31867420
3189923
31904337
319085
3191092
3192
3192888
319494
31jui82
31tati
31vinaug
32
3207
320884
32092235
320982159
320e9e
321
321239
3212522
321321
321321321
321456
32162998
321654
32167
321drin
321j964s
3220535205
3221
3221ctn
322322
3223519
3228826540
323148
3232213
323259849
3232696
323293
32343234
3236
3238357
32439206
3251674
3255
32553255
32604055
326950
326G9V
327040
3275xx
32768
327853
32786
3278afaf
32803763
32838690
32861494
329HGAG
32ecfd
32hfg53
32monday
32qaswe
32xm56ee
33018311
33089316
3310
331865
33215433
332211
332266
33264580
33268319
332892780
333
333233
33333333
333358067
333925
33399
3349028
33496766
334a8shj
33538683
33557799
336433
33649
3364965229
3365
33663366
336699
3372576
338006280
3381513313
338264
3385900972
338640809
338800
33908340
33935
33mp68
33neb33
34
340216
34033403
3403501543
340500
3409299538
3410
3411mad
3412
341341
341460642
342156
342481011
3424pw
342521
342837
3434
34340074
3434343434
343928
3439589
3439rjr
3445
344746
34507
34511300
34556182
3456789
3456cjm
3458510820
34587157
3458847
345dvp
345tttyu
3462
34672462
3467725
3471516
3471bb
3472496
3472lise
3479472
3484237d
3485
3485846
348794
349108
3493688
349423
34A9T
34TDMw
34dskk
34gsoa53
34jf383
34olol
34tohana
34uadmin
35002307
3502010
350350125
3504535
350469
3510max0
3514954
35150
351539191
3515417
35206160
3520the
3525688
352577
352700
352john2
3532562
353535
353543
35406955
3545
3552481
35530
357159
3572tp
357951
3580788703
3583237671
358358358
3594153301
35bf58
36131656
3614dx
3615ac
3616f6c9
3617948
361b0389
3621
362514
36303630
363636
364371
36481
36512900
36662
3668211
367880306
3687447
36896603
368980
369
369123
369369
369630dw
369656
369852
36985200
36987
369874125
36iasnob
36kp75
36qku28
36wl3ykd
370288
37063969
370761
371083115
37144173
3714790
371T3P1
37245
3728195
373
37373737
374100
374362
374685
3752152
37525035
3761964
3764597
3777
378992
3790742
37951784
3799
38061
381029
38104508
38212
38258
382603007
38282830
38313831
38352966
3837max
38383838
3846063
3852421
3854357
38580
38746917
3878035
3880111278
388446
388585885
38877013
38893889
3889609
388tor
38BE6
39004328
390616
39093
3911639216
39205143
3926781217
39273
39463946
394v20e
395415
396188
397397
39791333
39rowson
3DGYROS
3ET@G03
3FAIRFI
3FNM3EX
3FdA
3PKD+4=
3Scort
3TF
3al
3aytmgst
3b1x4d
3baf9fc0
3bc8n1
3bi6c8
3c5x9cfg
3c7298
3convy3
3d0fc80
3da21u4l
3demon
3dextex
3dmn5125
3dudes
3e4r5t6y
3e4rf
3eziy4
3ff3gy
3foy9b7
3g5jq
3h8fdeko
3hittinu
3hwdm
3iwtpcof
3kitties
3kysz4rj
3l3ctr0
3l3n487
3l5k7r
3m3m1965
3min3m
3moz173m
3n2htkhe
3nigam
3pat6mar
3pd7fl45
3qc5u3
3tag7rxk
3upz8u
3wgmku
3ytsirk3
3znf4wkq
4!
40
4000eren
4002
40055
4019295
4024
403100
4031ken
4031wick
404040
4042than
40497862
4050
40501090
4056756
40578097
4059645
4061324
4095703
410410
41046403
410470
41064106
41065
411gib81
4120468
41212292
4122001
41223551
4122479
4125iw
41285
4131199
41324132
4144084
414735488
414852
4152617
4156621
4160
4163357167
4171652
418stats
41924192
41ZUBRA
420420420
420556
4212395
4214121
4217024
4219463
4220355
4224183
423000
42435
42507
4253047
4256725
42594
42594259
42688624
42785
427sting
4285595
428597
429184
42CA0CB
42ktilxp
43112V
4312
43144314
43210
43278987
4331590
433212
433567947
43358891
433773435
43396at
4341
434343
4351886
436531
4375egon
43770
4380chu
43814381
438143816
43821076
439023
43990402
43Rx99
43aaaaa
4403
440790
44090
440997
4412485
441263cc
441441789
4416ac92
441789
4418960
4422
44220325
442451608
4431
443400
443652
4437
444444
44445432
44446666
4444aa
4444h2
44454445
444719
4451035110
44524452
4452718
445554
44556786
4456
445737
445987473
4460631
4462186
4463
446561
447rorsu
448448448
448724
4488
44af54
44kssgpg
4500273471
450375
45063450
4508
4510
4515253565
4519316
45214521
4521998
4540ah
454261985
4545
45450
454545
4545656525
4546
454858
454rzdr4
455
4554
45540491
455520
45564556
456
45611
456123
456321
4563258
456456
456582
4566335
4566450
45678
456789
45684568
456852
456852357
4569510233
456987
456m789m
4572145
457323
45748696
4578430
457ed7go
4580
4585077
4585196
4587zxd
45eqr6yb
45m6188
45t9kqkm
4602514
46064094
461012
4610207
461200
46121
46184950
462005
462085
46293684
463497
46364636
4639716
463nsq75
464646
4649825
4670
4676457
4677
467811
4682551535
46871981
468sz937
4691YG
46944170
4698640963
46mau87
47113001
471147
47114711
471255
4717992
4725
473173
47424742
474294
474555
474747xx
4749555
4755561
475872
47588375
47589592
47735582
477508500
4777car
4778850
47851702
479811aa
479ckp42
47bambou
47cf5d51
4803814829
4809680
48141992
4816361
4819
4819034
482448
482649583
48298882
48304076
4831835
48330857
48364051
484132483
484148
4842004
4848
48481949
484848
48494849
484vrpal
485560
48588336
486012
48607419
48613
486213
48621789
48704587
4877gf
48837246
4886582
4897970
489924
48abc123
48fbe3c
48sterni
49
4900909
4902bb
490506
4906523
4921cliq
49241842
4929f9f
493931
49450120
4953b9c6
495549
4964722478
4964735
49658000
4991576
4995887
49dd252
4C
4FWVXG
4MUSICO
4Rudy5
4Tingi
4WALDST
4a3hat99
4antrz
4ayX7u
4b5b79
4bajou
4bgounia
4bugs2
4caxydtm
4cmed
4cxtkwmt
4d22888
4d2wcr4s
4dd1
4dm1n
4dsl6868
4eb52b
4eg7tzf3
4eistoot
4emhnu5
4estgump
4ete5tg
4f2cr3v
4f6000
4h28y2f4
4h2alafw
4i4olina
4j62G9
4karca
4kcr3wd3
4kj5t9d6
4lb4
4m4d3u5
4menot
4my4my
4n4rchy
4narchist
4ndr3w
4nicator
4ofclubs
4pindi
4quilka
4rfv5tgb
4rfvgy7
4rs2no1y
4sep
4silver
4star4
4strings
4ta4c16t
4thekids
4throck
4v28x46
4x3k7b6r
4yln6mug
5
5
50010125
500500
5005002
501
5011250
50117&#
5014951
501501
501bc92
502311
50299143
5032tow
503331686
503362821
50353752
504018919
50407b21
5040pq16
50435043
5044819
50481
505050
50505050
50514001
5052022112
5052937
5055092797
50589841
5062521
5082
5083694950
509
5090663
50nature
50tnuong
51016042
5103217
51065238
51065698
5109171
5112222
51203505
51234
51236
5123641
5131355
5131cam
5136249
51365
51366
5139145
5147
515
515055
515238
51533517
51544118
517322
517acht
51819854
518428456
51847597
518927001
51907a
51910435
51924141
519759
51AMAA-
51area
51b604b
51foxx
51mask
51mp13
520178
5206128
520sss
521313
521478963
521888
5219208
522092
522222
5223
52355235
523631
52386687
524993
5254694
5265666
5268
5270114
5270738
5273392
5274027
5274875
5275486e
52765276
5278927
528273985
52897
5290602
5293294
529400
5295404
5297heli
529870
52bc84f
52pbzzxp
52togo00
53050577
530563
5308
530848
53087200
5314
531464
5317955
531969
5321380
5322193
5325495858
53271628
532f2e3a
533111
53311304
5333418673
53379425
533akkan
53411401
5353
5353564273
5355643864
5358775107
5359534014
53627137
5362847553
5363591795
5365119630
5366020296
5367031
5368800253
53713
5375
5375931427
5378018684
5378637046
537937
537JEJ
5381232
5391
539294
539465
54031605
5403543
540724
5414inco
54177373
5418839
5423529388
54236585
5423alex
542542
5430649
54321
543211
543216
543375f8
5436242882
5439189
544247a
5444758964
5445274131
54455444
545069
545078707
5451
54578925
54655455
54702422
547227
547441
54826846
5484362
548art
54gogel
54yomero
550450
550720
55084146
5510586
5512214
5512689
551700
5520159
55210978
552233
55225522
5525
5527504
5528601
5528853
55325532
553311
5536730
5542
55425542
554688
554855222
555
55512388
5552885104
5553209212
5555
555511
5555499582
55555
555555
555556
5556
555666
5556789
555889
555timer
5564498
55661203
556655
556htkr
5570a
557580
557740
557788
55829712
5584146
5588jg
55953774
55jl812
55love10
55rr65
560072
5605542
560sel
5612317
5616471
5620
5621
562299
5632284
5633014
5639150
564162
5646
564ajjm
5654cwhy
56590565
5660235
56655665
5675050
5675COR
567653074
56789
567898765
567hff3
56826666
5686
5688
5691
569293689
5693502
56b97z
56lion58
56pmhf
56uccgrg
570fd
57111
5711876
57143000
57200
5727247
573112
5736USN
57416
5749300
575913073
576zoe
577187
57735499
57917777
5792820
57chevy
5812360
5821436975
582320713
5826328
582684
583
58419466
585225
58545854
585858
58585858
5858647
58629425
5867pg
58700123
58826435
58855sj
5886
589151152
58959196
58sneg
59059056
5908599
5914213
592482328
593296126
594800
595318
5957
59608790
596528
59658791
5967e7a4
5968807
596dba
5985424
59855985
59jg62pd
5a645636
5a6y2p
5a7ltfhm
5ac3007e
5am5ung
5b72hyoo
5bf101e
5c0tt13
5cgwry
5cr4mb13
5d7p2qst
5d8df9
5e982b
5eek1tr
5elaj7nz
5eqwzzs
5f18a3f9
5f3db1
5i4xfy6
5j6o2e8
5jrdtjwh
5kaste
5key1603
5kids13
5l1mmer
5luralistisk
5million
5oi3fekr
5p1nm3
5pagbol
5phvcx
5qjic9t7
5r5r5r5r
5roel5
5sciu5x
5sd8sx0
5spitfire
5starz
5t33l3r5
5t6gLF
5tnmqd
5tr4taha
5ud0ku
5un1ight
5uyb9uyr
5v2j19ak
5v3o7p3e
5wobly5
5wszidm2
5x32
5yr1nx
5yw2arm4
5zc3notz
6
6&HA9!Y
60
60013759
60017472
6011711
6011_SA
60126012
6020002
602469
6027774
6029542
603p65
60409032
604160
60474
60606060
60734287
6073760737
60906090
60986098
60kmx7yd
60tuff1
611611
611992
61214111
6121990
6123446
6125805
61267
6138af
6145375
6150
6153625
61538
615826
616016725
6160902
61616161
61630
61666197
616939
61746174
6179512
61806180
61814250
61893837
62004990
621009
6212898
621481
621722
62186681
621926
6225961
6225tw84
6227sc
6231697
623572
6239
6244426
6246246246
6259117
62644199
627148058
627169
62768626
6282224
628pl0
6290jul
6292708
6293740
62946411
62976297
629oTe
62ct81pt
62de0a8
62hwxtw2
62sexton
630280454
631005
631207
6313085
631436124
632121
632156
6321777777
632797
633010
63400742
634827
635829
635836
6359bill
636363
636630522
63696701
63723
63725000
6372816718
63830898
6387381
63981530
63b932
63gumby
63hg89ng
63moltil
63sgw6g0
6402535
64156415
6424655
6425cb
6431458
64334360
64426442
6443
6447412302
6448084
645428
64746474
6481884
64832063
6490ar
64986498
64E25
64ca68pp
64edvvuf
64i4
65001009
65015024
650541
65067373
65110286
65153565
6520181
6521221
6524
6532738
6536hx
6539x
6540
654123
654123789
654321
6543211
654321qq
654321tt
654457
6545281
6547742
6547896321
654852
6548868868
654902
654asd
655336468
6558231
6558760
6565665
6565lacy
6568795
6568889
65696569
657293
6581221
6581466
6583768
658785
65928667
659303
65KINGS
65i68
65y2hmki
660124
6603
660430
660432639
660536
6606
6606111
6606419
660827
660856
661001
66103310
6614353
6618ee
661903C
66193613
6619364
6623362
66244447
6625630
6626022
662671
6628767
66381
6641252
66496649
66542331
665665
666
666111
66658693
666666
666666xx
66669466
66669999
666769
66690588
666942
666satan
6685241
66903
669215853
66bypbzz
66crush
66mtree
670128
670926
6710159
67136713
6722
672220
672491
673001
67352866
67503155
6754339
67582480
676767
6767gemm
677602
67802055
678131427
6783569
67847173
67861
678joe
67dk93fr
67jutah3
6801291087
68031341
6804
680815
680820
6812299
682239552
682682
68315
6832nb
68336833
683691209
68572000
686225202
6866800
686868
6869
68728123
68748862
688699xp
689137
689201
6898213
68aou123
68mz08jq
690101
69010dss
690606
69100011
69115CB
691961
6928228
6934020024
69436943
69488406
69587152
696328787
6967683
6969092
696969
69696969
696996
6970200
6975670
697738d
69815
698noidt
699650666
69bhogh
69bhvzob
69molina
69otp7
69woof96
6Svv9W
6VKUln
6aa6bc3a
6acbc2
6az8cok
6beavis9
6c17ae22
6cd02
6cf1cxdh
6d02e5
6d4a2v3i
6e2d35eb
6e7c23
6ebd04a6
6ed871
6fa6le
6fab206
6fxzu9cj
6g7d0s8
6gdqulj9
6il7vef5
6isnews
6mlkjhg6
6moftn87
6moocow7
6mwn5y
6n3vy7e
6poofy9
6ria2lat
6rooney6
6sex66
6sh7vq4z
6sigma
6tgbnhy7
6xnolhtb
6zsp2l3
7
7005
70067455
700902
700rima
701212
70150
701562
70197019
7032
7036sari
7055
707070
7076948
70773170
70835409
708600
70864444
70opelgt
710194000
7103152
71039556
7105176386
7105277946
711005zx
7111023
711420222
7115736
711777
7120
7123447
7123471499
71296
713705
7139
7142110
71510088
7152375
715268
71559563
71650039
7171454
717171
71731716
717753
717fots
717ju8
71810458
71830
7189
718ocs35
719212
720
720404
720921
7211935
7215252
721721771
72191311
7219214
721ec1
7220339798
72328973
7233170
7241410
7251070
7253259
72551319
725833
726482
7270392
72779673
72979132
72monte
72q946
7305517
730704652
730821
7309849
731013
7312027300
731950
731956482
7323679678
7325901z
732808x1
73313
7332
7346666
734681
735226
7353571
73570R
7360280
7363
736759
7373
737373
737jxg
73845290
7393225
739464
73994565
7406037
740826
74108
74108520
7410852963
741147
74123
7412369
74125369
7415963
741852
741852963
742351
7425786
74336535
7435yj1
7439906
74457445
7447412
7448076
74545147
7456312589
74627
74637463
74647464
74656
7474
747420
7475911411
7478
748159263
74c5e050
74d54d4e
74eitw
74regisw
75000
75015
75016625
7501fl
75028
7504650
7517543
7520423
752525
7531
75317531
753357
75367536
753951
753951eu
753zx46m
7542750
75487
7550055
75637563
756533
757055
7575
75751975
757667
758000
75813160
7586678
759153
7592miro
75thowns
75wabbit
76$$
7600060
760154
7603
7611hsf
761223
76132236
76138275
7624682
7632098
763941
764
7653
7655952
766405
766405987
76667666
76703747
7674sp
76777777
7682
76894559
76Tre4
76d0b7d6
76sencer
7700934777
770173724
770530508
7706367
77096
77101741
7715254
771900ff
7731523
77321702
77340z
7741ew
775048
7766
777250
7772581
777410
77752740
77776666
777777
7777777
7777777777
77788899
777zzz
7785
7787JK
77880
778899
778eab
77927792
7797212
7799
780033
7802
780808
7809050529
781028
781120
781224
7816057
78181878
78187818
78198878
7819b95d
78285939
78302920
783293621
78339
78367836
7838
78408720
784512
784gh6t
78532
7853274
785404712
785421
785484
7855192749
785826963
78627862
786hphs
7870250
78715109
78721434
787433
7878UJI
78897850
789123
789456
789456123
789456fb
7895123
7896321
789632145
789654
78965615
7897789720
789789
789987123
789u8f
78blah96
78edg392
78erdinc
78orue78
78s23h
790106
790570
7907043587
790909
792
79202540
7920491
7929213
792TXM
793167054
79461305
794685
794806
79489584
7965
79671057
7967179775
796796
797979
7982fuck
79857985
7989028
7990
7995433
79cheeta
79major
7B9905
7BKKNIX
7IXPH7
7U8vMt
7a274437
7a5s3d
7a6121
7b7a5fee
7c810759
7ca357d4
7chai7
7ct1kp
7cuvi4re
7ficknwy
7gnbb2sc
7grace7
7iiqohr
7j397ukg
7jeekh
7k1bsneq
7kl8ij9
7lekiust
7m17k67s
7owjiz7
7password
7plrmeh
7q6y5k0q
7qc52xmx
7rs1fj07
7rytre
7s8xuchr
7summer3
7thclas
7ty9hv9y
7u8i9o0p
7ujpmlkz
7w95r2j9
7x3572xx
8
8
800003308
800320gh
8004f4e
800529
8006272791
80079
800ict41
80110
801117a
801257
80134284
801902
804186
804804
8050
805071
806412
8066
80725
80874
808773
808acc
809099
80927065
809ajm
810188
810509
811018
8113529
8115850834
81188118
812004
81216098
8124482
812cmnlh
813
81378137
814660
8152325261
815250
81551368
815815815
8159
816cdf
81726354
8181400
81admin
81andy42
81ebkk
81rc9irw
820731375
821065
8211290500
8212128448
8212702
82132879
82163246
821799
8222528
822706jr
822nym
8231
824130149
82419690
824280127
82453817
8246154
82568256
825811
82618
82714456
82718271
8272817
828182
8283209190
828806
829972912
82bobi19
8306520f
8308090583
8310a325
83128312
8313019416
8313255
83158372
831b2722
8321761
8325087
8328HWL
833608
83490
8355
83680498
83718371
83753598
8377301216
83795891
837cwl95
8395220
83bgxw0p
83z4hxgr
8402
8403155
840428
840704333
841010025
84111558
841975
841s
8423879
842617
8432547
8434
84368436
8438183
8445e8ed
84532646
8453722
84552513
84607217
84739156
84755
849595
850606845
8508647
8513772
85148514
8520
8520456
85208520
85214789
852456
85276800
852963
85368536
85406
8542912
8544504
85446
85457616
8546
8549fde
8552
855464
85575774
8560
8572444
85768576
8588013e
8589911
858vvc
85938593
85MooN
86016529
8602284047
860509
860523bo
861347416
861955
862251970
862385309
86239102
86260776
86338633
863742974
8646530
86568656
8662922006
8669336
86732
86753
86758675
86934
86948374
86jug86
86smid
86strat
8700
870209
8710173898
87181707
87228722
8729o9o
87438743
87454
875319
8754
875421
8754961234
8756982
875nco
8761005329
87654329
87662215
87686805
877565203
87870664
878787
87886610
87calis
87sprint
880473852
8808038460
88086806
881016
8810316520
881123
8815d97
8815shir
881609ds
8817
88191108
881986
88199
8823201
8824282
8825233
8827882
8837057
8845572
885100
88651590
8874562
887766
8888
88888888
8889993457
888lk888
8890
889966
88arda88
88ctw
88edb7a5
88hitler
88meap
88sv9xnm
890918
8911048507
892111
8923456
8924311
89308930
893420
8947780
894pwdx
8950
8956
895623
8965
8971561
89720540
89728972
89849873
898526
8989002
89898989
898989xx
899403
89987z
89A116
89b9e9
89honda
89kawi
8Gj5sC
8a6z4e2
8asmart
8baeeb
8bladdie
8boisco
8bpembt5
8bubbles
8cP5m
8dhokzx3
8ef6cku7
8fd892c
8floz
8gracc8
8hfsalhj
8ijnc756
8jo3f94t
8l81n9de
8nadb2o
8nb8vg86
8ni1011
8nivek8
8p3dgfrv
8pi64pxr
8tg6w5
8ung3r
8v9wpug
8vh83jdj
8wkqza
9
9
9+*`8FX
90
900215
900326
9004091596
9005252215
9006266524
900664
90067951
90069006
9007040
900924
90154230
901646
90174224
902544
903689202
903790
905331hh
9058080928
90603
906090000
90624641
906906
9080
9090
9090juan
90ford
90gh78ui
90io90io
91005321
9101038546
910109
910719
910laura
911
911
911555444
91189
91199mty
911hallo
912791279
913131
9133114061
914518150
9150302
916094f
9162911
91653440
917
917245
9173
918273
9196171
91986288
91evpzzd
91floz7
91gsixty
9205482141
9210252
92212822
923211
92428746
92442843
92519946
925angel
926337
9268522
9274926493
92810407
928415
92896
9292
929580
92983288
93000000
930312
930650
9319
931982
9321
93329332
9338xeev
934
934935936
9363
9363700
93691870
9371200
9374567a
938271b
9384
939346
9396
93a0921e
93diablo
93elgub
9410811610
941973
942005
9420074011
9423221
94330154
944
9454
947224213
94800
94825
9490721
949596
949822168
94d0df0
94fegg85
94jeep
9500946
9510
95123456
951753
95175345
9518513
9519646895
951983
951988
952000
953jer
95403787
9543431
9543zx77
9552243376
95540432
955427f8
95556
9555959
95592333
95652445
956695
9569446
957253822
9576597
95782107
9593200
959697
95cubes
96024
96055008
96071980
96159005
962824
963147
963214
9632147
9632587410
9638008
963852
96409300
96436976
9649684111
96519651
9655206
966118
96645058
966850
967710
968574
9686314
9687546814
96940411
969590
96uuvnpl
9701967
970301043
9706496
97095160
972061
972794
97324584
973353
9734869
97378747
9754056838
9756268
97575203
97611280
97675653
977547085
9777897
97917984
9797
979797
97986666
97GD0P
97probe
980108042
980517
9809521
980james
9810208
9810211044
981108
9811217
981400
98142020
98151013
9818
981940
981952
98198073
98210026
9831258
9839
9841854
984375b
98489189
98553083
986
9866338
98711103
987321
987412365
987456
987520123
98756r
9876
9876123
98765
987654
987654321
9876543210
9876redp
987802
987978
987987
987clu
98879887
989
989056
98h89
98nn19
990120
990305
990711
991220ok
991238
9918256
9937079
9948449
99495xx7
99531759
99632377
9966552284
996920
9969dl
9970425658
997123
997516
9976601186
9981053
998748
99887766
9988856384
9988xdj
998999
999
999000
99928dc3
999666999
999699
9999
999900
9999199
999988
999999
999999999
9999999999
999sing
999xxx
99dually
99dvd4y7
99ecad7
99xrtb96
99xy989
9DIBG
9H(4ABJ
9a33ea5
9a48ht6f
9a6b5n9g
9a9s9d9f
9am5uuu
9badmin
9cc99f63
9e59c5f
9ece48
9eqshfn9
9g0oxbj
9ghetto4
9groulx2
9hUsz5
9hi5t7
9idrytt3
9ieqlawo
9jibbas
9myp83
9n9999
9pnn7ps9
9r7yui1e
9rxy31cm
9sadako
9sers9
9t793273
9ulusoy1
9uuseu